1	480	178	2002/04/18	21401.06
2	683	91	2000/08/27	24469.91
3	172	427	2002/03/24	16285.10
4	406	101	2002/01/12	36206.05
5	325	752	2003/02/22	35704.35
6	142	353	2001/01/29	26466.67
7	261	783	2003/05/09	10757.14
8	981	610	2002/07/04	28383.79
9	55	824	2004/08/05	32784.73
10	803	81	2001/06/13	19397.89
11	45	31	2001/11/13	33464.97
12	193	779	2003/05/11	34091.19
13	570	989	2002/06/09	32670.29
14	184	346	2004/02/17	31806.03
15	224	911	2002/12/18	34742.13
16	297	565	2001/05/28	14353.33
17	52	693	2004/01/11	20961.61
18	980	712	2004/02/01	32729.80
19	322	115	2000/03/24	28338.93
20	282	243	2002/09/06	38723.75
21	668	199	2003/03/06	21076.97
22	246	883	2004/08/18	11255.19
23	91	754	2003/04/05	39941.41
24	752	646	2003/09/28	12010.50
25	454	601	2002/06/16	35067.14
26	602	564	2002/12/24	24254.76
27	61	1	2001/07/26	38179.02
28	287	852	2003/12/02	36223.45
29	858	329	2001/05/10	39567.87
30	424	285	2001/10/27	20113.83
31	28	442	2003/02/19	12162.48
32	185	460	2001/06/15	23044.43
33	998	888	2000/09/09	28455.20
34	103	345	2002/03/06	11275.33
35	301	557	2001/07/28	14640.81
36	641	57	2003/06/07	37142.64
37	728	823	2000/11/10	18757.02
38	848	248	2003/10/21	13400.27
39	105	943	2000/08/21	34816.28
40	96	276	2003/06/11	15634.16
41	89	915	2003/05/22	11393.43
42	830	640	2000/05/21	23959.96
43	203	217	2002/10/10	29895.32
44	975	590	2004/01/22	14013.67
45	181	899	2004/12/01	33300.17
46	573	177	2003/07/31	28081.67
47	729	554	2004/11/29	39430.54
48	405	886	2005/09/30	13858.95
49	343	341	2001/02/03	12505.80
50	650	359	2003/04/01	34443.66
51	151	9	2003/06/17	21515.50
52	418	168	2002/09/10	22631.53
53	877	68	2004/01/27	32714.23
54	571	597	2000/07/23	39047.85
55	618	100	2002/04/14	24903.87
56	852	959	2003/01/28	10867.92
57	624	422	2004/07/02	28969.73
58	934	904	2003/06/18	39677.73
59	83	461	2003/08/31	36102.60
60	544	652	2003/11/12	27097.47
61	767	60	2004/01/15	10950.32
62	111	65	2003/08/05	28840.64
63	817	687	2001/06/15	25513.61
64	788	254	2004/02/27	35784.91
65	236	177	2002/09/18	25464.17
66	892	879	2002/05/04	28034.97
67	317	828	2001/09/26	11674.50
68	259	692	2004/10/19	28606.26
69	958	607	2003/08/26	14710.39
70	644	628	2003/06/27	31125.79
71	872	713	2004/07/19	37675.48
72	698	401	2001/07/15	14383.54
73	688	504	2003/01/30	11858.52
74	217	382	2004/05/24	39658.51
75	7	877	2002/06/16	28797.61
76	170	176	2001/12/01	17984.31
77	601	33	2003/02/16	20520.32
78	74	225	2003/06/23	27923.28
79	329	967	2004/08/31	25451.35
80	878	144	2002/03/27	23493.04
81	621	980	2003/04/02	19664.31
82	374	139	2001/06/11	20566.10
83	927	846	2001/11/21	10466.92
84	733	57	2005/02/05	21979.68
85	485	151	2000/11/06	10549.32
86	204	112	2001/09/30	30583.80
87	878	446	2000/10/22	34804.38
88	290	7	2002/12/17	39164.12
89	691	800	2003/04/18	37226.87
90	974	55	2004/02/05	10496.22
91	657	727	2002/03/22	10742.49
92	747	606	2000/07/02	33302.00
93	648	347	2002/09/24	37180.18
94	360	380	2004/01/21	14513.55
95	971	649	2003/10/16	26609.50
96	64	198	2003/01/13	18586.73
97	376	997	2004/03/25	23670.65
98	652	470	2004/01/07	34516.91
99	555	38	2003/01/31	12127.69
100	694	753	2002/06/13	34408.87
101	325	210	2005/04/30	36329.65
102	569	412	2002/04/07	37652.59
103	384	199	2000/06/06	28410.34
104	539	466	2002/04/08	15749.51
105	972	413	2003/11/01	31596.37
106	165	676	2001/07/23	28370.97
107	758	139	2005/01/29	11707.46
108	259	208	2001/01/19	25049.44
109	365	199	2003/02/02	19518.74
110	535	756	2000/07/26	32700.50
111	105	716	2003/12/03	34927.06
112	723	500	2000/10/27	30854.80
113	215	275	2001/09/03	18525.39
114	832	588	2000/02/23	37583.01
115	498	892	2001/10/14	36026.61
116	260	855	2001/03/24	23548.89
117	755	303	2000/07/02	14692.08
118	75	75	2004/08/06	23090.21
119	16	398	2002/03/12	17313.23
120	299	975	2001/12/23	13486.33
121	462	582	2004/01/06	37095.03
122	619	993	2003/01/02	30306.40
123	752	472	2001/03/28	24726.26
124	824	362	2004/11/18	11848.45
125	533	901	2004/12/29	25791.02
126	61	908	2003/06/10	12721.86
127	271	320	2002/03/21	11166.38
128	581	772	2001/09/05	19518.74
129	588	492	2001/07/05	24003.91
130	375	647	2004/01/13	13926.70
131	608	381	2002/11/12	32923.89
132	880	310	2003/11/30	34298.10
133	743	702	2003/01/01	11070.25
134	744	816	2002/01/12	29430.24
135	641	281	2001/07/02	13282.17
136	27	823	2001/08/18	11782.53
137	205	51	2003/10/09	27707.21
138	104	872	2002/04/01	35413.21
139	91	756	2004/02/05	32346.19
140	690	847	2003/01/24	30191.96
141	769	477	2004/05/23	30170.90
142	114	400	2002/07/06	22220.46
143	777	683	2000/06/01	17165.83
144	229	753	2003/09/20	24482.73
145	363	8	2001/10/04	34861.15
146	864	226	2003/01/31	35421.45
147	271	570	2003/05/26	31213.68
148	304	457	2004/05/22	30055.54
149	246	886	2001/09/03	19939.88
150	191	38	2002/10/14	32235.41
151	583	878	2003/05/15	37285.46
152	463	150	2004/05/02	31354.68
153	267	506	2001/09/04	25520.94
154	532	214	2002/06/24	36141.97
155	824	63	2003/12/09	32873.54
156	511	897	2003/01/12	25691.22
157	286	636	2003/11/10	39000.24
158	877	931	2002/07/23	37489.62
159	144	237	2003/12/06	32086.18
160	954	95	2003/08/11	27586.36
161	718	621	2004/08/10	17082.52
162	515	384	2002/07/09	32907.41
163	163	512	2000/11/19	13178.71
164	722	387	2004/10/25	23960.88
165	187	429	2003/10/20	21071.47
166	64	424	2002/07/12	11343.08
167	980	381	2003/11/14	25741.58
168	689	463	2003/08/04	25476.07
169	403	714	2004/04/23	36981.51
170	92	308	2002/01/13	39535.83
171	819	943	2002/02/09	36626.28
172	415	116	2003/07/05	14331.36
173	477	146	2004/07/06	27038.88
174	517	319	2004/09/17	14727.78
175	472	291	2002/08/16	38664.25
176	644	344	2000/10/13	23851.01
177	290	83	2004/01/30	24133.91
178	775	485	2001/06/27	17440.49
179	375	696	2002/01/25	31236.57
180	903	319	2003/09/24	30155.33
181	352	226	2002/05/16	35776.67
182	641	385	2003/12/01	22121.58
183	771	350	2002/04/10	36765.44
184	718	229	2000/10/03	11229.55
185	41	426	2003/06/03	19137.88
186	465	358	2004/03/13	18475.04
187	120	564	2002/07/31	32185.97
188	744	675	2003/07/28	33717.65
189	139	734	2001/04/18	23715.52
190	785	792	2001/06/10	21282.04
191	420	711	2004/08/25	19459.23
192	457	463	2004/05/29	32733.46
193	600	233	2001/09/23	13211.67
194	458	643	2002/11/16	31539.61
195	93	712	2002/06/12	24192.50
196	628	569	2000/09/29	15020.75
197	1	5	2001/02/24	33162.84
198	505	651	2003/10/13	26713.87
199	216	541	2002/05/18	36423.95
200	406	323	2002/12/15	20756.53
201	798	282	2001/02/04	25895.39
202	417	998	2001/01/19	12929.69
203	393	844	2004/05/01	12644.96
204	121	224	2004/05/18	34325.56
205	289	527	2001/05/30	19375.00
206	992	808	2002/06/25	36904.60
207	726	277	2003/07/28	13106.38
208	495	888	2002/09/05	19373.17
209	436	62	2002/01/02	21492.61
210	492	317	2002/10/11	10440.37
211	497	87	2001/06/26	23489.38
212	601	923	2001/10/06	28439.64
213	832	156	2002/12/31	16376.65
214	520	563	2000/09/02	25292.05
215	182	356	2003/08/27	14983.22
216	888	852	2004/03/15	22507.02
217	7	15	2004/10/11	24265.75
218	938	585	2004/02/21	21212.46
219	217	200	2002/06/19	31857.30
220	194	487	2001/12/14	10754.39
221	388	884	2004/04/27	21531.07
222	840	970	2001/03/02	24998.17
223	571	134	2003/01/04	20564.27
224	712	45	2000/11/11	25842.29
225	513	760	2001/07/10	12384.03
226	748	63	2001/03/11	33341.37
227	134	492	2002/11/09	29454.04
228	278	231	2002/04/15	35037.84
229	593	710	2001/10/10	18859.56
230	356	515	2000/11/20	37303.77
231	966	273	2002/07/19	13155.82
232	178	442	2002/12/23	22489.62
233	303	290	2004/04/14	10615.23
234	989	176	2004/05/18	11223.14
235	675	532	2000/11/05	20688.78
236	466	707	2001/01/31	12971.80
237	997	908	2003/02/01	21115.42
238	633	226	2001/11/05	33870.54
239	716	920	2003/09/10	31364.75
240	504	642	2001/07/10	32398.38
241	922	552	2002/09/25	21773.68
242	944	586	2003/03/12	34657.90
243	582	414	2002/08/25	37554.63
244	144	234	2004/03/02	15439.15
245	510	476	2000/09/09	10597.84
246	772	855	2001/05/08	22724.00
247	54	218	2001/07/04	28357.24
248	148	994	2001/01/23	15522.46
249	839	905	2000/12/12	36914.67
250	328	199	2003/10/31	21702.27
251	874	353	2001/05/25	23265.99
252	38	78	2002/12/30	37566.53
253	161	742	2003/12/05	18727.72
254	642	243	2004/02/04	27978.21
255	710	442	2001/07/24	19865.72
256	232	649	2004/02/25	28731.69
257	185	826	2002/02/14	34279.79
258	855	267	2004/11/06	25268.25
259	205	524	2001/03/12	34640.50
260	783	239	2003/03/01	37511.60
261	203	170	2001/09/11	14367.07
262	679	328	2004/06/25	13308.72
263	94	471	2003/12/09	10949.40
264	893	269	2003/03/16	26479.49
265	580	627	2004/03/04	26991.27
266	954	57	2004/01/03	23479.31
267	393	6	2001/04/25	13229.06
268	912	356	2001/03/06	39000.24
269	298	313	2002/12/05	20886.54
270	546	535	2002/11/03	19182.74
271	258	812	2003/03/17	31497.50
272	973	966	2003/03/03	25215.15
273	850	584	2003/08/05	39500.12
274	449	909	2001/12/05	13767.40
275	365	581	2001/07/17	25202.33
276	314	783	2004/12/25	27620.24
277	810	793	2000/12/26	11988.53
278	349	906	2002/12/27	33835.75
279	35	567	2000/09/01	10493.47
280	332	575	2002/04/14	31546.94
281	120	240	2002/04/10	12778.63
282	474	792	2000/06/03	20726.32
283	412	409	2003/09/19	39979.86
284	724	519	2005/06/09	30855.71
285	418	468	2001/07/31	36276.55
286	568	450	2003/08/16	17997.13
287	124	884	2003/06/09	29016.42
288	112	258	2002/12/17	34157.10
289	864	335	2001/04/29	28265.69
290	717	561	2002/06/25	17714.23
291	323	640	2002/10/24	27614.75
292	296	14	2003/02/15	21877.14
293	671	136	2004/06/14	30574.65
294	84	536	2002/02/10	23364.87
295	799	273	2003/09/18	22002.56
296	255	659	2002/07/07	29466.86
297	207	301	2004/01/02	10563.96
298	847	537	2000/09/19	32202.45
299	228	194	2000/11/18	14929.20
300	356	219	2000/11/06	37084.05
301	950	806	2004/05/03	12001.34
302	146	758	2002/03/13	14835.82
303	344	858	2002/04/23	38752.14
304	559	931	2003/12/14	21048.58
305	541	775	2001/12/19	18885.19
306	489	812	2005/11/05	14881.59
307	607	653	2002/03/17	10390.93
308	864	352	2004/06/05	27388.61
309	220	380	2004/02/10	18783.57
310	52	429	2001/07/11	26480.41
311	646	116	2001/11/25	12186.28
312	86	388	2001/02/06	22790.83
313	722	123	2001/06/05	17241.82
314	913	101	2004/03/14	12507.63
315	710	608	2001/05/12	37751.46
316	132	371	2003/08/03	13260.19
317	720	189	2001/06/26	39832.46
318	73	335	2003/02/04	21267.40
319	743	483	2003/10/12	26857.60
320	338	497	2002/12/21	35813.29
321	942	382	2003/04/26	23397.83
322	661	768	2005/04/29	14508.06
323	223	905	2004/05/08	38428.04
324	937	470	2002/12/03	33508.91
325	669	703	2004/09/25	23061.83
326	27	116	2003/04/08	24544.98
327	690	895	2003/01/02	35704.35
328	391	109	2004/04/07	29129.03
329	278	672	2003/07/16	36560.36
330	901	728	2000/11/10	13331.60
331	188	185	2002/03/20	32634.58
332	197	905	2005/03/15	37829.28
333	546	114	2004/03/22	22459.41
334	162	287	2004/07/06	21262.82
335	68	736	2003/03/29	15561.83
336	574	713	2002/03/30	14060.36
337	996	629	2002/10/18	13825.99
338	8	344	2003/03/06	38547.97
339	556	389	2001/08/01	29264.53
340	50	517	2003/11/03	23086.55
341	828	782	2000/12/14	33904.42
342	224	968	2002/10/25	36949.46
343	118	584	2002/04/27	21415.71
344	715	633	2001/06/18	32400.21
345	429	476	2002/07/04	15375.06
346	803	380	2003/11/05	14703.06
347	369	885	2002/09/29	14524.54
348	182	753	2003/08/28	23356.63
349	225	75	2002/07/18	29740.60
350	925	170	2002/09/26	12441.71
351	132	880	2000/05/25	19416.20
352	12	862	2004/02/08	28330.69
353	27	113	2004/10/03	38418.88
354	712	88	2003/12/24	12918.70
355	202	6	2001/11/02	19320.07
356	98	543	2002/11/15	13717.04
357	933	400	2003/07/19	12094.73
358	507	180	2003/04/11	12360.23
359	782	631	2003/12/26	38628.54
360	15	523	2002/08/27	24082.64
361	803	988	2001/08/29	19895.02
362	43	494	2004/10/20	26243.29
363	768	530	2003/08/16	25382.69
364	109	510	2003/11/09	27781.37
365	47	774	2002/03/31	24950.56
366	401	810	2001/01/28	17331.54
367	705	977	2003/09/29	11548.16
368	146	433	2001/02/13	29350.59
369	734	1	2001/03/03	37909.85
370	108	698	2000/10/19	18754.27
371	19	941	2003/07/23	10155.64
372	864	111	2003/03/15	38992.92
373	90	813	2000/10/10	34962.77
374	754	899	2004/05/10	19971.92
375	253	771	2003/05/27	23351.14
376	106	150	2002/05/10	14460.45
377	241	569	2001/08/14	21936.65
378	306	31	2001/12/29	38410.64
379	548	640	2001/02/10	10428.47
380	530	42	2002/08/14	25661.01
381	622	492	2002/07/25	11032.71
382	668	827	2003/04/25	34607.54
383	502	722	2001/05/25	39907.53
384	359	24	2004/01/19	37279.05
385	247	94	2002/06/03	21759.03
386	53	777	2003/05/07	33652.65
387	579	95	2004/07/10	24716.19
388	603	729	2004/06/16	39750.98
389	335	259	2000/09/09	22626.95
390	300	672	2004/03/25	20756.53
391	500	555	2001/04/01	14538.27
392	725	444	2003/01/08	13880.00
393	4	849	2004/11/25	15169.98
394	593	75	2004/03/31	33754.27
395	489	941	2003/09/14	24395.75
396	963	921	2003/07/22	39424.13
397	171	523	2002/03/25	26848.45
398	679	383	2005/01/12	20350.04
399	933	882	2001/05/25	13520.20
400	827	547	2002/03/23	32958.68
401	186	869	2000/10/18	34410.71
402	591	352	2003/12/07	32925.72
403	61	693	2003/01/05	13585.21
404	802	990	2004/01/18	25325.93
405	222	257	2000/12/09	34254.15
406	72	735	2002/04/30	28714.29
407	792	558	2002/02/12	30346.68
408	37	185	2003/11/17	13993.53
409	375	99	2003/12/22	11371.46
410	974	740	2001/07/26	28163.15
411	896	433	2001/10/06	17779.24
412	31	870	2003/10/04	30623.17
413	504	313	2000/11/25	23427.12
414	695	778	2002/09/24	19290.77
415	466	201	2001/05/06	28735.35
416	187	295	2001/07/06	29164.73
417	874	246	2001/11/24	31535.95
418	100	467	2003/05/30	30851.14
419	931	485	2000/03/23	31230.16
420	852	243	2003/08/10	24796.75
421	43	815	2004/03/02	24299.62
422	494	833	2003/03/22	32120.97
423	140	282	2001/03/11	34382.32
424	474	57	2003/06/11	29012.76
425	91	974	2001/11/27	36673.89
426	335	767	2001/09/07	22116.09
427	430	827	2002/08/28	13084.41
428	902	819	2001/05/04	31177.98
429	80	366	2005/03/30	10216.98
430	660	894	2000/03/30	26063.84
431	73	301	2001/07/30	35475.46
432	984	455	2002/02/01	21856.99
433	234	327	2001/08/07	26289.06
434	185	164	2001/08/24	31922.30
435	537	654	2003/10/20	22259.83
436	559	33	2004/09/25	38239.44
437	345	868	2003/08/03	18764.34
438	692	978	2001/05/21	34780.58
439	121	831	2005/06/27	21947.63
440	402	397	2001/07/07	16958.01
441	261	345	2003/02/10	37813.72
442	517	341	2003/10/23	11931.76
443	621	985	2003/06/19	11081.24
444	350	660	2001/06/24	34632.26
445	758	914	2005/02/16	21332.40
446	405	559	2004/06/26	26454.77
447	51	357	2004/06/13	13489.07
448	728	396	2003/09/12	31430.66
449	701	304	2001/05/22	25553.89
450	893	542	2002/11/01	12096.56
451	89	183	2004/04/02	27664.18
452	908	397	2002/08/24	17976.99
453	58	342	2002/04/05	21440.43
454	26	269	2002/03/16	37274.48
455	405	277	2002/09/06	16297.91
456	334	721	2003/06/09	10908.20
457	719	972	2002/01/10	28384.70
458	214	778	2001/09/08	31018.68
459	928	754	2002/07/03	17047.73
460	39	603	2004/04/01	37399.90
461	924	50	2002/12/09	21806.64
462	785	296	2002/06/24	38653.26
463	316	929	2005/05/17	28597.11
464	642	963	2001/05/28	23960.88
465	277	592	2001/12/26	26195.68
466	776	277	2003/01/02	20045.17
467	792	295	2004/10/18	31074.52
468	105	913	2003/10/01	29826.66
469	641	668	2002/07/11	10165.71
470	902	573	2001/03/07	18212.28
471	32	561	2001/03/15	34884.95
472	219	312	2003/03/31	10251.77
473	780	941	2003/10/22	25084.23
474	113	648	2002/06/14	11125.18
475	186	711	2004/05/04	37026.37
476	351	860	2001/04/27	20015.87
477	639	406	2004/09/19	23840.94
478	47	74	2004/05/31	34500.43
479	151	239	2000/10/21	18946.53
480	30	455	2002/01/24	12458.19
481	894	966	2003/12/25	11307.37
482	169	370	2003/04/29	38406.07
483	214	357	2002/09/03	15006.10
484	644	224	2005/01/25	24352.72
485	978	846	2000/05/04	23066.41
486	839	422	2000/04/09	35479.13
487	175	242	2001/07/06	25610.66
488	728	437	2003/09/13	21932.98
489	760	35	2003/03/22	13966.98
490	101	764	2003/07/08	33589.48
491	39	989	2003/05/11	14070.43
492	526	2	2001/04/04	18386.23
493	993	286	2003/09/03	23055.42
494	37	139	2003/09/02	10739.75
495	30	470	2004/10/25	31256.71
496	177	986	2003/05/27	38117.68
497	627	768	2002/03/22	36465.15
498	950	978	2003/10/07	25030.21
499	961	17	2000/09/27	17111.82
500	446	789	2003/10/10	28116.46
501	359	187	2000/11/07	34817.20
502	604	225	2001/10/11	27488.40
503	189	25	2005/03/04	13076.17
504	85	635	2003/01/21	11708.37
505	28	405	2004/08/20	36691.28
506	97	463	2004/02/06	10589.60
507	80	723	2003/07/09	34494.02
508	634	176	2001/02/19	15037.23
509	933	871	2003/03/17	24735.41
510	875	292	2002/06/18	30267.03
511	606	742	2003/08/27	37073.06
512	28	703	2004/02/09	31567.08
513	446	742	2001/12/22	15974.73
514	359	464	2001/11/17	14234.31
515	418	640	2003/10/27	36432.19
516	596	12	2001/02/16	34923.40
517	772	608	2004/02/02	12882.08
518	189	330	2000/07/21	34430.85
519	435	500	2003/09/04	34830.93
520	738	308	2001/03/20	35390.32
521	534	243	2000/07/18	36772.77
522	565	133	2004/10/04	26393.43
523	682	953	2005/08/01	24125.67
524	946	232	2004/12/31	10368.96
525	406	825	2002/08/27	10087.89
526	248	344	2002/01/06	23379.52
527	993	709	2001/12/30	19014.28
528	317	842	2003/06/08	34117.74
529	812	7	2001/12/31	19122.31
530	219	845	2003/01/10	38051.76
531	741	147	2001/08/27	29642.64
532	486	382	2002/08/19	17077.03
533	884	151	2004/03/21	33768.01
534	408	5	2004/08/17	29525.45
535	198	281	2001/03/12	17626.34
536	259	941	2004/04/14	10100.71
537	86	379	2004/02/15	35830.69
538	270	497	2003/12/25	18608.70
539	814	294	2002/09/22	14552.00
540	70	869	2000/12/04	33899.84
541	559	427	2003/03/25	22485.05
542	227	243	2000/11/14	39028.63
543	361	538	2001/11/29	27022.40
544	11	549	2003/02/07	29013.67
545	958	730	2003/07/20	26424.56
546	56	622	2002/02/27	17476.20
547	908	287	2002/10/04	27307.13
548	876	376	2004/12/04	26625.06
549	169	340	2004/02/06	39275.82
550	645	331	2001/08/24	20266.72
551	345	912	2002/11/05	13661.19
552	26	151	2002/12/19	25520.02
553	344	28	2002/01/10	39841.61
554	332	206	2004/11/13	29432.98
555	497	768	2002/04/08	19375.00
556	157	300	2000/08/29	35519.41
557	114	852	2002/09/03	13717.96
558	27	592	2001/12/14	16067.20
559	619	741	2002/04/02	24615.48
560	446	795	2003/01/09	12684.33
561	112	421	2001/12/29	15878.60
562	21	597	2003/08/02	13720.70
563	547	941	2003/04/05	10123.60
564	939	668	2003/11/15	26612.24
565	127	561	2003/01/06	12751.16
566	842	816	2001/10/13	29677.43
567	6	232	2001/04/17	16831.67
568	348	982	2002/08/28	25137.33
569	944	621	2001/12/08	35385.74
570	55	982	2002/09/05	36903.69
571	157	855	2001/03/24	30454.71
572	501	694	2003/03/24	16740.11
573	268	395	2004/08/29	20246.58
574	519	97	2002/11/25	34499.51
575	768	380	2002/09/03	35133.97
576	692	808	2002/06/17	35990.91
577	548	447	2004/02/02	19211.12
578	778	557	2002/06/04	29461.36
579	381	554	2003/05/13	25180.36
580	795	421	2003/01/16	22330.32
581	800	794	2005/04/10	35328.98
582	86	360	2002/07/29	17558.59
583	704	352	2001/12/29	18985.90
584	145	654	2004/04/05	27501.22
585	176	477	2004/02/27	15899.66
586	596	53	2001/06/14	26148.07
587	381	481	2003/04/11	14165.65
588	517	238	2002/10/16	11944.58
589	903	823	2003/04/08	39446.11
590	293	465	2004/01/30	26734.01
591	196	438	2001/01/22	17994.38
592	763	215	2001/02/06	35480.04
593	951	401	2000/12/29	28132.02
594	726	170	2002/09/01	20088.20
595	588	583	2001/01/16	32200.62
596	252	878	2003/07/13	12566.22
597	367	920	2001/02/08	12189.94
598	136	396	2000/05/19	11736.76
599	267	22	2000/09/15	36170.35
600	79	384	2003/11/26	17466.13
601	348	475	2001/06/14	37926.33
602	108	830	2003/10/09	30633.24
603	205	70	2002/06/28	27642.21
604	37	193	2003/04/12	39636.54
605	878	367	2003/03/28	25863.34
606	173	84	2003/01/29	28830.57
607	354	27	2003/08/29	14936.52
608	60	937	2004/09/17	24631.04
609	554	768	2002/06/24	20578.92
610	511	198	2004/11/09	24957.89
611	788	322	2004/03/27	19793.40
612	403	42	2003/04/27	30851.14
613	360	458	2002/10/18	28805.85
614	168	488	2003/07/08	29316.71
615	721	539	2005/05/15	14881.59
616	231	144	2001/09/20	17448.73
617	766	727	2002/08/18	37362.37
618	173	963	2000/08/20	23416.14
619	326	68	2001/01/08	35033.26
620	587	104	2003/06/11	23690.80
621	620	466	2001/08/21	37460.33
622	510	613	2000/07/24	11751.40
623	421	985	2004/01/11	26273.50
624	894	643	2002/02/22	15106.81
625	273	532	2002/12/16	16970.83
626	397	252	2003/12/13	28640.14
627	96	418	2002/07/15	31705.32
628	72	804	2001/04/29	36716.00
629	486	934	2001/05/22	17194.21
630	140	80	2002/10/30	27930.60
631	742	412	2004/08/22	38312.68
632	533	176	2002/03/12	38671.57
633	257	711	2002/11/24	35711.67
634	478	401	2001/10/17	18393.55
635	5	995	2005/01/14	23745.73
636	991	398	2001/08/14	14603.27
637	572	135	2003/09/02	21868.90
638	695	502	2004/02/29	12611.08
639	752	87	2001/05/18	37143.55
640	534	32	2002/05/20	28002.93
641	454	916	2001/12/02	16456.30
642	631	687	2003/09/16	32171.33
643	874	166	2001/04/20	13069.76
644	250	392	2004/03/21	16936.04
645	379	555	2002/03/26	22161.87
646	163	549	2002/06/12	36988.83
647	243	505	2002/11/12	22609.56
648	843	589	2004/10/24	32416.69
649	760	874	2002/07/29	16331.79
650	877	137	2001/10/23	21552.12
651	507	434	2002/07/22	30700.99
652	735	439	2002/12/09	20740.97
653	249	941	2004/01/15	22636.11
654	455	514	2003/05/26	25925.60
655	933	413	2000/05/13	13760.99
656	277	962	2003/07/21	15099.49
657	702	214	2003/11/29	23167.11
658	723	979	2001/06/24	34300.84
659	326	253	2003/03/13	16657.71
660	624	495	2005/01/14	26780.70
661	659	577	2002/04/03	17560.42
662	477	500	2003/05/14	18927.31
663	366	705	2004/03/23	13114.62
664	679	569	2002/12/17	21274.72
665	542	144	2000/05/04	10687.56
666	907	271	2004/03/15	12218.32
667	165	615	2001/11/07	18581.24
668	947	438	2002/08/20	19591.06
669	830	298	2003/12/22	25480.65
670	133	13	2002/01/08	14865.11
671	537	481	2004/10/20	19659.73
672	881	364	2001/07/02	20112.00
673	786	234	2001/07/21	12462.77
674	208	386	2001/12/18	12744.75
675	943	590	2000/10/10	19125.06
676	625	414	2003/10/30	21270.14
677	216	46	2004/08/21	22536.32
678	584	510	2003/03/07	30460.21
679	759	827	2003/06/24	30619.51
680	591	902	2004/01/13	20394.90
681	791	526	2002/06/14	34597.47
682	382	525	2003/07/30	14309.39
683	429	410	2003/01/26	22080.38
684	993	350	2002/03/04	29014.59
685	838	447	2002/11/23	14536.44
686	215	482	2004/11/22	12501.22
687	709	994	2002/05/31	31953.43
688	241	297	2004/06/08	39935.91
689	78	967	2001/03/16	17183.23
690	158	167	2002/05/12	25432.13
691	559	56	2003/10/26	37265.32
692	28	255	2002/07/30	16415.10
693	429	330	2004/03/03	37775.27
694	852	192	2002/08/21	23829.04
695	179	981	2001/08/03	37617.80
696	834	105	2003/07/09	18735.05
697	597	13	2003/12/24	24487.30
698	69	768	2004/05/17	17579.65
699	86	609	2001/04/03	24154.05
700	456	393	2002/08/21	28489.99
701	732	890	2003/07/22	28606.26
702	845	347	2001/01/29	13057.86
703	158	136	2002/07/11	27575.38
704	756	309	2003/03/01	35902.10
705	461	956	2003/08/17	33901.67
706	244	869	2001/07/17	11758.73
707	482	562	2005/05/27	34259.64
708	320	309	2003/10/26	10476.99
709	62	395	2002/04/30	11758.73
710	23	171	2001/02/13	38053.59
711	933	88	2003/02/20	24549.56
712	505	99	2000/11/10	20312.50
713	475	483	2004/11/05	13636.47
714	824	529	2003/05/01	18876.04
715	619	756	2002/11/06	12268.68
716	968	731	2001/08/16	30370.48
717	731	921	2003/01/31	37410.89
718	422	427	2001/04/16	13160.40
719	669	81	2002/05/02	39534.91
720	1	347	2003/03/25	35025.94
721	457	967	2003/02/03	19168.09
722	249	616	2002/03/09	13834.23
723	866	492	2003/04/13	35924.07
724	444	947	2003/04/10	25210.57
725	174	641	2003/05/14	17009.28
726	744	452	2004/03/17	30179.14
727	703	401	2003/08/08	36054.99
728	209	40	2004/11/07	25451.35
729	725	143	2001/07/29	38431.70
730	564	364	2001/08/09	33384.40
731	424	586	2002/02/24	34655.15
732	112	902	2003/02/23	31126.71
733	726	445	2001/11/14	27839.05
734	505	63	2001/06/08	23088.38
735	702	828	2002/12/04	33166.50
736	400	420	2004/02/07	21255.49
737	911	664	2003/06/07	35765.69
738	667	394	2001/01/29	37731.32
739	843	907	2003/06/18	36962.28
740	863	69	2001/12/02	27118.53
741	711	802	2000/06/22	36345.21
742	614	628	2003/09/21	36529.24
743	300	256	2004/01/11	17223.51
744	202	371	2002/06/17	12034.30
745	109	896	2002/02/01	14612.43
746	801	764	2001/03/31	15880.43
747	862	161	2004/04/13	16552.43
748	166	966	2003/09/16	22603.15
749	176	267	2002/02/15	30198.36
750	21	95	2004/06/09	18022.77
751	604	104	2001/10/17	22377.93
752	359	750	2002/06/21	36722.41
753	112	973	2004/04/12	38958.13
754	305	342	2004/09/11	34742.13
755	808	384	2004/01/12	27215.58
756	535	924	2003/01/12	28697.81
757	565	694	2000/10/10	19123.23
758	713	712	2001/04/02	33954.77
759	256	668	2002/05/14	19843.75
760	595	503	2002/09/25	36755.37
761	982	14	2001/10/03	33528.14
762	687	51	2001/08/16	21980.59
763	90	81	2002/11/05	26463.93
764	937	862	2001/06/16	33264.47
765	557	772	2002/10/21	24462.59
766	328	856	2001/04/18	39296.88
767	434	109	2000/12/03	35900.27
768	173	889	2004/06/17	12991.03
769	248	62	2002/12/28	22736.82
770	563	736	2002/06/05	32619.02
771	867	448	2003/01/21	17910.16
772	517	173	2000/05/27	39693.30
773	554	971	2002/03/21	27498.47
774	575	113	2003/09/21	11084.90
775	37	540	2000/12/12	18653.56
776	186	15	2002/06/14	36364.44
777	971	271	2000/12/28	28379.21
778	539	62	2000/11/25	39388.43
779	734	776	2003/06/24	32403.87
780	433	696	2000/07/22	19446.41
781	950	893	2003/06/11	26524.35
782	499	293	2001/09/24	25646.36
783	715	42	2000/04/26	23540.65
784	233	250	2002/04/07	22311.10
785	761	634	2003/01/19	16076.35
786	496	810	2000/07/23	26831.05
787	968	252	2003/03/07	37909.85
788	935	98	2003/09/25	18344.12
789	946	176	2003/03/20	22664.49
790	95	468	2001/08/01	39574.28
791	638	798	2003/05/25	27590.94
792	439	30	2005/03/06	18921.81
793	336	922	2003/11/09	10473.33
794	126	734	2003/11/04	29150.09
795	21	790	2003/02/25	18147.28
796	996	960	2000/02/27	26604.92
797	567	646	2002/11/23	24444.27
798	843	184	2001/03/17	34458.31
799	490	844	2001/10/18	32429.50
800	91	83	2003/09/12	18864.14
801	800	440	2001/04/23	19180.91
802	486	47	2003/05/07	21813.05
803	650	402	2000/09/20	39966.13
804	819	429	2002/11/12	32636.41
805	279	573	2002/06/30	11110.53
806	665	154	2001/08/26	15355.83
807	263	995	2002/06/21	36040.34
808	80	39	2001/09/27	15043.64
809	254	998	2000/05/11	35474.55
810	725	934	2002/06/10	26900.63
811	530	377	2003/02/06	39483.64
812	282	889	2001/11/11	20569.76
813	963	943	2003/08/06	34701.84
814	656	197	2001/08/17	13023.99
815	841	876	2004/12/26	23270.57
816	432	304	2001/07/16	30017.09
817	342	414	2002/07/08	29736.02
818	453	698	2003/02/03	12212.83
819	259	9	2001/04/18	16965.33
820	778	868	2002/02/26	31553.34
821	885	281	2003/02/06	10867.92
822	75	584	2003/06/12	29890.75
823	986	584	2001/05/24	35088.20
824	542	260	2003/07/23	29158.33
825	43	818	2003/10/02	19650.57
826	801	835	2001/08/23	34115.91
827	712	641	2000/08/23	10460.51
828	321	909	2004/04/04	18789.06
829	933	349	2002/10/21	38442.69
830	353	406	2002/11/15	19786.07
831	413	976	2001/11/15	16592.71
832	985	243	2002/08/13	17569.58
833	879	277	2004/10/18	39154.97
834	915	535	2005/04/06	24144.90
835	79	448	2002/11/10	28181.46
836	737	367	2002/12/16	36322.33
837	942	785	2003/07/07	17760.93
838	420	415	2004/08/08	21415.71
839	203	453	2003/12/27	13770.14
840	94	554	2004/07/02	20749.21
841	439	54	2004/01/08	36126.40
842	440	878	2002/03/05	29358.83
843	411	205	2000/04/18	29639.89
844	265	232	2001/04/21	11582.03
845	424	832	2000/06/07	37731.32
846	605	815	2003/06/29	25588.68
847	231	208	2004/03/25	29000.85
848	884	704	2000/11/23	39003.91
849	5	969	2003/05/28	28834.23
850	736	903	2001/08/15	36437.68
851	545	566	2003/06/01	15526.12
852	937	658	2002/09/23	31667.79
853	390	935	2002/05/22	31655.88
854	76	452	2001/05/25	26195.68
855	148	433	2001/08/21	15318.30
856	288	546	2002/10/23	35611.88
857	967	239	2004/06/26	11130.68
858	257	691	2003/04/22	39534.91
859	916	419	2002/09/17	16344.60
860	448	908	2001/12/27	33390.81
861	432	127	2003/05/03	21800.23
862	10	410	2003/01/12	14930.11
863	924	226	2003/12/14	39419.56
864	345	481	2004/05/28	18737.79
865	941	100	2005/08/19	26399.84
866	491	551	2000/09/12	21883.54
867	67	890	2003/05/29	39795.84
868	279	304	2003/07/05	37061.16
869	664	288	2004/05/28	22713.93
870	993	89	2001/12/05	39772.95
871	488	826	2003/01/09	13417.66
872	322	80	2003/08/19	37097.78
873	149	70	2001/10/20	20249.33
874	995	373	2003/01/22	31139.53
875	720	427	2001/04/26	36909.18
876	133	741	2002/05/30	24027.71
877	142	177	2004/10/27	23299.87
878	768	451	2002/02/11	27211.00
879	541	413	2003/06/17	15353.09
880	101	417	2004/02/29	29371.64
881	352	539	2004/11/10	11958.31
882	834	538	2002/10/16	18490.60
883	249	459	2001/08/03	36924.74
884	788	453	2001/08/10	27968.14
885	997	803	2005/02/15	17637.33
886	907	368	2003/03/19	28218.08
887	307	225	2002/06/18	28449.71
888	485	343	2000/12/16	37367.86
889	28	146	2002/12/11	14671.94
890	501	855	2005/06/05	11505.13
891	873	139	2001/03/30	30929.87
892	112	718	2001/11/11	19927.06
893	134	501	2003/01/26	24549.56
894	511	220	2002/07/24	17980.65
895	846	857	2000/11/29	29125.37
896	9	620	2002/08/12	32938.54
897	498	94	2002/09/29	34346.62
898	13	665	2004/01/12	20732.73
899	781	264	2001/08/11	24234.62
900	189	123	2001/12/25	37102.36
901	163	727	2004/07/21	35923.16
902	7	502	2003/05/16	29376.22
903	159	803	2002/12/06	33746.03
904	749	546	2003/03/18	18641.66
905	991	32	2003/05/28	27444.46
906	94	579	2003/11/27	10057.68
907	898	371	2003/01/26	17513.73
908	912	922	2002/08/22	15391.54
909	523	634	2000/09/12	13783.87
910	580	313	2001/09/09	20196.23
911	298	179	2003/10/07	14136.35
912	251	52	2002/10/29	12156.98
913	197	947	2003/08/05	27381.29
914	162	393	2001/12/11	20797.73
915	588	152	2004/03/11	36682.13
916	674	493	2004/02/06	15671.69
917	843	285	2003/11/24	26110.53
918	846	157	2003/01/21	14124.45
919	591	992	2000/09/26	11837.46
920	756	52	2001/02/15	34448.24
921	290	777	2001/07/29	19719.24
922	469	93	2001/06/17	29559.33
923	150	745	2003/12/14	31531.37
924	627	123	2003/08/20	33846.74
925	16	727	2003/10/01	11409.00
926	326	924	2005/04/02	35462.65
927	412	981	2002/12/10	31111.15
928	938	820	2005/09/05	11678.16
929	206	27	2000/06/27	16112.06
930	281	197	2002/02/13	19837.34
931	950	499	2004/03/18	33111.57
932	947	422	2001/11/19	24631.96
933	992	257	2003/05/31	12031.56
934	471	511	2001/06/26	17611.69
935	663	151	2003/04/20	10704.04
936	175	288	2004/10/11	10872.50
937	559	506	2002/05/17	27003.17
938	137	104	2001/09/18	27364.81
939	336	829	2001/08/06	29864.20
940	128	532	2000/08/09	19091.19
941	273	291	2003/06/18	36246.34
942	318	369	2003/02/10	15290.83
943	206	739	2003/02/02	24348.14
944	317	392	2003/05/17	29335.94
945	342	675	2003/12/19	23066.41
946	832	14	2001/08/21	39219.06
947	265	574	2004/02/29	12504.88
948	213	505	2003/07/22	35932.31
949	894	284	2001/04/26	29060.36
950	559	9	2001/04/10	30518.80
951	770	471	2004/04/22	20025.02
952	382	409	2005/05/04	27811.58
953	569	332	2003/09/03	35406.80
954	26	159	2003/03/23	16668.70
955	803	574	2003/04/03	37655.33
956	967	394	2002/03/03	26541.75
957	351	29	2005/08/13	11787.11
958	9	674	2004/08/03	22339.48
959	29	486	2002/07/09	27969.06
960	443	954	2000/06/17	27399.60
961	705	323	2002/10/28	34503.17
962	951	377	2003/05/01	11776.12
963	558	986	2004/11/21	10228.88
964	768	593	2003/09/08	33772.58
965	303	301	2003/03/21	30365.91
966	399	877	2004/03/15	10300.29
967	89	415	2003/06/21	27428.89
968	824	977	2003/04/08	30218.51
969	356	253	2002/07/01	37900.70
970	685	308	2001/03/16	17752.69
971	523	986	2003/01/18	24559.63
972	510	662	2002/07/03	24486.39
973	998	44	2004/01/17	32437.74
974	576	491	2003/11/21	31675.11
975	843	404	2001/04/06	12171.63
976	476	94	2003/02/01	33820.19
977	266	89	2001/12/18	26660.77
978	581	624	2001/11/13	33055.73
979	777	580	2002/10/08	34288.02
980	987	546	2000/12/19	25843.20
981	951	210	2001/08/25	33159.18
982	950	182	2004/05/18	12442.63
983	713	781	2002/02/19	14743.35
984	996	93	2003/08/15	19354.86
985	897	61	2004/06/01	30556.34
986	195	252	2003/05/16	39241.94
987	681	193	2002/02/08	20993.65
988	381	363	2003/04/06	25336.91
989	474	671	2003/06/08	29776.31
990	656	991	2001/03/06	32012.94
991	978	805	2001/06/19	29476.01
992	726	230	2004/07/11	33484.19
993	84	989	2000/08/16	22010.80
994	144	190	2000/09/17	12568.97
995	76	277	2003/03/01	31574.40
996	373	821	2000/10/31	24585.27
997	313	482	2003/10/09	24944.15
998	121	886	2002/04/15	21704.10
999	397	218	2001/11/29	14245.30
1000	504	534	2004/02/02	34044.49
1001	406	313	2000/11/05	38802.49
1002	761	232	2002/06/19	29347.84
1003	434	721	2003/02/22	24384.77
1004	826	118	2006/01/05	36872.56
1005	300	221	2002/07/10	38796.08
1006	953	848	2003/06/03	36970.52
1007	958	495	2003/11/12	30978.39
1008	952	221	2005/06/17	39460.75
1009	665	606	2001/02/16	25502.62
1010	144	430	2003/01/21	15043.64
1011	875	651	2003/06/30	34114.99
1012	85	927	2004/01/23	28434.14
1013	647	901	2004/09/26	19766.85
1014	537	66	2004/02/24	23374.94
1015	7	51	2003/05/23	14911.80
1016	580	656	2001/12/05	11914.37
1017	451	634	2001/07/19	23674.32
1018	464	251	2002/01/02	37125.24
1019	656	562	2000/10/27	25423.89
1020	620	888	2001/06/23	13496.40
1021	320	580	2003/02/10	14159.24
1022	674	225	2001/08/12	36319.58
1023	714	449	2002/02/05	12598.27
1024	338	31	2002/05/27	14251.71
1025	413	690	2001/03/20	20816.04
1026	907	68	2004/12/27	31670.53
1027	305	621	2005/04/18	35324.40
1028	218	778	2002/09/16	33069.46
1029	836	929	2003/09/11	24468.08
1030	277	964	2001/08/26	14519.96
1031	722	496	2000/02/21	18666.38
1032	910	678	2003/11/01	10653.69
1033	644	918	2000/05/27	28060.61
1034	550	130	2000/09/01	13715.21
1035	534	379	2004/12/30	34312.74
1036	43	268	2002/08/31	17481.69
1037	450	421	2002/08/21	36445.92
1038	665	438	2001/08/14	37232.36
1039	178	178	2002/01/09	11328.43
1040	625	710	2002/11/24	31044.31
1041	451	834	2004/07/16	26614.07
1042	649	322	2002/06/28	21356.20
1043	336	498	2000/11/04	16254.88
1044	331	449	2000/05/03	12671.51
1045	748	542	2003/10/08	34929.81
1046	314	815	2002/10/16	15232.24
1047	106	256	2004/04/01	36635.44
1048	774	596	2003/01/18	39260.25
1049	461	772	2002/09/21	22956.54
1050	714	790	2003/03/17	33602.29
1051	87	338	2003/09/02	17014.77
1052	174	310	2001/03/30	20222.78
1053	963	30	2001/06/04	38405.15
1054	783	561	2000/08/29	15536.19
1055	798	706	2002/08/13	11486.82
1056	718	918	2004/05/08	14958.50
1057	445	907	2002/11/11	32786.56
1058	216	123	2000/12/30	11973.88
1059	532	889	2002/04/03	31843.57
1060	495	695	2003/12/17	21161.19
1061	754	506	2003/04/24	32328.80
1062	817	829	2002/03/23	19883.12
1063	841	961	2001/09/30	25390.93
1064	555	842	2003/10/29	39287.72
1065	992	116	2003/01/19	23713.68
1066	394	243	2003/09/03	35857.24
1067	383	159	2002/06/22	11505.13
1068	635	737	2003/06/18	33485.11
1069	784	749	2000/09/18	11202.09
1070	169	630	2001/05/18	16957.09
1071	300	167	2005/07/23	30967.41
1072	959	441	2001/08/11	24296.88
1073	520	196	2002/08/30	26707.46
1074	153	939	2002/11/26	21607.06
1075	263	529	2003/03/19	27165.22
1076	53	239	2001/04/15	23460.08
1077	784	213	2003/04/18	39383.85
1078	657	715	2001/06/26	38368.53
1079	106	612	2003/07/03	33207.70
1080	804	510	2004/01/30	16101.99
1081	537	619	2000/11/28	26288.15
1082	519	180	2002/06/16	15394.29
1083	663	336	2001/12/18	34019.78
1084	497	536	2003/07/18	30655.21
1085	234	187	2002/11/23	30670.78
1086	247	16	2001/04/13	18376.16
1087	966	713	2001/12/02	27484.74
1088	659	554	2004/03/13	21797.49
1089	917	774	2004/02/24	19477.54
1090	976	220	2001/06/16	39808.65
1091	837	721	2003/12/24	13681.34
1092	899	293	2000/11/27	26733.09
1093	313	581	2004/08/19	26606.75
1094	239	803	2002/06/30	17365.42
1095	937	406	2003/12/30	16307.07
1096	143	98	2001/09/15	20124.82
1097	817	842	2001/10/01	33490.60
1098	103	492	2001/10/30	34213.87
1099	28	493	2002/10/15	15309.14
1100	344	173	2002/03/29	17990.72
1101	165	277	2004/03/08	13563.23
1102	768	89	2004/11/07	29075.93
1103	231	718	2003/01/10	14829.41
1104	73	165	2000/09/08	35881.04
1105	680	238	2002/01/15	12180.79
1106	174	833	2004/08/30	38844.60
1107	713	776	2003/10/09	35491.03
1108	314	146	2003/11/13	31643.07
1109	185	33	2002/09/26	28551.33
1110	716	656	2002/01/11	31576.23
1111	512	183	2004/02/06	15109.56
1112	12	408	2003/10/19	38087.46
1113	805	671	2001/12/16	21238.10
1114	154	485	2000/09/04	22659.91
1115	792	836	2005/05/11	36881.71
1116	319	956	2003/06/27	15869.45
1117	869	28	2004/11/28	13799.44
1118	875	436	2001/12/08	11991.27
1119	361	381	2002/06/12	29117.13
1120	305	12	2003/01/24	21900.94
1121	11	779	2004/12/11	22130.74
1122	18	669	2000/10/25	14944.76
1123	558	614	2001/09/23	15579.22
1124	632	619	2002/10/25	13597.11
1125	595	25	2004/09/11	20067.14
1126	350	37	2004/08/22	24978.94
1127	603	398	2004/10/04	30487.67
1128	194	157	2001/09/05	34279.79
1129	471	922	2001/01/24	24804.08
1130	645	11	2001/11/14	30663.45
1131	6	741	2003/03/29	27260.44
1132	115	247	2003/04/01	10043.03
1133	899	349	2004/03/31	38718.26
1134	310	613	2003/11/01	14958.50
1135	585	165	2002/01/01	35036.93
1136	440	275	2000/12/31	23396.00
1137	491	158	2004/01/19	19122.31
1138	859	76	2002/12/25	29555.66
1139	534	736	2000/10/30	22065.73
1140	915	114	2003/07/24	24000.24
1141	913	860	2001/05/23	32542.11
1142	189	53	2003/08/10	32082.52
1143	468	114	2001/11/12	20010.38
1144	864	938	2004/06/10	21800.23
1145	843	776	2000/07/11	15065.61
1146	816	681	2002/02/24	28995.36
1147	209	511	2003/09/11	28229.06
1148	334	522	2003/11/14	22880.55
1149	364	496	2003/10/28	15323.79
1150	554	271	2005/03/20	31968.08
1151	768	934	2003/05/04	12101.14
1152	455	772	2002/10/23	33337.71
1153	897	532	2002/01/27	11678.16
1154	103	1000	2002/12/06	10586.85
1155	821	526	2003/08/19	24460.75
1156	92	674	2002/07/22	21501.77
1157	207	680	2001/08/28	30162.66
1158	735	515	2005/02/03	39170.53
1159	534	585	2005/01/05	14196.78
1160	116	604	2000/11/25	13806.76
1161	987	994	2001/07/17	14757.08
1162	915	922	2003/05/10	10519.10
1163	948	656	2002/02/18	11083.07
1164	164	656	2002/09/10	34624.94
1165	513	740	2000/11/02	26541.75
1166	956	300	2005/06/18	14411.93
1167	314	854	2003/03/23	10897.22
1168	884	338	2004/12/24	35380.25
1169	961	973	2002/12/06	13304.14
1170	581	884	2004/05/25	33664.55
1171	133	64	2001/10/07	39908.45
1172	392	270	2002/05/30	33247.99
1173	295	284	2003/01/03	26153.56
1174	315	458	2001/06/02	25554.81
1175	525	788	2005/04/17	22766.11
1176	942	924	2002/05/03	34764.10
1177	906	437	2002/10/21	34716.49
1178	99	496	2004/09/28	31434.33
1179	370	496	2004/05/08	22878.72
1180	510	443	2003/10/31	24639.28
1181	887	273	2002/05/07	37463.99
1182	948	263	2001/03/23	32333.37
1183	610	373	2003/01/30	29338.68
1184	495	721	2003/04/07	15113.22
1185	422	759	2004/06/28	38735.66
1186	685	419	2004/10/29	33377.99
1187	778	348	2002/09/18	39441.53
1188	720	785	2002/02/21	16132.20
1189	196	888	2004/02/26	19035.34
1190	57	357	2003/11/28	34825.44
1191	371	160	2003/10/21	30884.09
1192	900	966	2004/07/17	11695.56
1193	147	354	2004/06/19	10139.16
1194	272	23	2003/03/05	12534.18
1195	207	989	2001/07/04	32685.85
1196	443	887	2005/04/22	12657.78
1197	207	804	2002/06/26	11598.51
1198	641	845	2002/11/07	15680.85
1199	315	976	2002/02/09	38909.61
1200	885	795	2003/06/02	31307.98
1201	314	123	2001/10/12	10188.60
1202	110	761	2004/04/07	24533.08
1203	407	880	2003/08/14	34227.60
1204	553	71	2003/12/12	18041.99
1205	491	402	2002/04/18	18870.54
1206	951	487	2003/03/14	36098.02
1207	876	437	2002/10/07	25418.40
1208	718	61	2003/03/16	25435.79
1209	233	976	2004/06/12	36824.04
1210	58	338	2001/05/01	20448.91
1211	292	319	2000/06/30	17836.00
1212	17	719	2000/12/22	10035.71
1213	366	541	2003/06/03	27124.94
1214	802	830	2003/05/03	35551.45
1215	952	777	2002/01/20	10920.10
1216	695	619	2001/10/16	17171.33
1217	186	310	2002/12/16	23609.31
1218	382	888	2004/03/08	23398.74
1219	838	893	2002/10/03	11821.90
1220	388	769	2002/07/19	39111.94
1221	836	730	2000/03/20	13513.79
1222	60	675	2004/07/31	25266.42
1223	626	626	2004/01/20	21185.91
1224	963	643	2000/10/12	21875.31
1225	880	652	2000/07/02	37427.37
1226	935	868	2001/03/23	38898.62
1227	926	116	2003/04/21	20169.68
1228	872	917	2000/09/23	30999.45
1229	477	555	2001/09/15	33137.21
1230	149	7	2003/11/29	15447.39
1231	356	268	2000/08/19	32755.43
1232	739	493	2002/04/14	31592.71
1233	455	95	2001/09/03	14924.62
1234	909	587	2004/01/18	28960.57
1235	275	697	2003/02/14	22417.30
1236	406	764	2000/09/26	12973.63
1237	492	278	2002/04/26	24864.50
1238	192	356	2000/06/15	36252.75
1239	120	606	2003/12/17	27200.01
1240	250	453	2002/11/18	33214.11
1241	50	599	2002/08/11	27709.05
1242	910	831	2001/11/19	39945.98
1243	15	972	2001/03/08	22290.95
1244	830	69	2001/10/21	13896.48
1245	865	221	2004/03/17	25900.88
1246	634	379	2001/08/09	12522.28
1247	34	74	2001/02/05	34124.15
1248	912	404	2001/06/23	30394.29
1249	932	383	2003/02/15	26291.81
1250	505	46	2005/08/07	34168.09
1251	665	907	2001/08/22	25090.64
1252	543	2	2003/08/16	28002.93
1253	838	790	2003/10/31	15114.14
1254	497	253	2001/07/03	32253.72
1255	218	799	2000/08/28	12926.94
1256	305	445	2004/08/01	39211.73
1257	170	423	2004/05/04	22785.34
1258	885	919	2004/02/09	25240.78
1259	506	574	2004/08/07	33817.44
1260	642	281	2001/10/31	12444.46
1261	420	50	2004/02/22	15096.74
1262	41	916	2002/04/06	18831.18
1263	380	9	2001/07/18	23308.11
1264	630	689	2003/07/20	27583.62
1265	38	571	2004/01/16	22348.63
1266	138	530	2001/02/22	37183.84
1267	450	722	2003/08/19	34060.06
1268	999	550	2002/07/27	38573.61
1269	892	248	2000/03/04	32996.22
1270	446	345	2003/07/19	36997.07
1271	498	846	2002/03/08	24528.50
1272	713	381	2001/07/31	38433.53
1273	492	403	2001/09/04	33378.91
1274	333	351	2003/08/19	37273.56
1275	66	608	2001/12/09	27625.73
1276	588	542	2004/01/14	26984.86
1277	280	969	2001/06/06	20075.38
1278	583	686	2004/09/22	32583.31
1279	735	896	2001/06/20	23415.22
1280	426	649	2000/07/24	16600.95
1281	926	298	2002/04/12	36462.40
1282	527	516	2003/11/05	22639.77
1283	18	293	2002/03/18	24924.93
1284	67	347	2005/02/02	26303.71
1285	906	619	2003/02/17	30039.06
1286	430	171	2004/01/30	25985.11
1287	475	272	2002/08/20	31119.38
1288	278	818	2000/02/26	29507.14
1289	610	554	2003/01/26	32066.04
1290	732	394	2002/11/06	20623.78
1291	907	898	2003/06/19	26104.13
1292	914	4	2004/09/04	15726.62
1293	194	81	2005/03/14	36102.60
1294	420	531	2001/05/09	39389.34
1295	436	791	2002/04/08	38625.79
1296	629	511	2002/09/21	11569.21
1297	936	45	2001/11/15	16983.64
1298	350	671	2000/11/27	32878.11
1299	131	91	2003/06/30	20925.90
1300	579	724	2003/04/29	11308.29
1301	346	383	2003/09/17	36813.05
1302	969	334	2003/04/07	27749.33
1303	425	325	2003/04/04	11010.74
1304	170	461	2001/11/18	22365.11
1305	447	835	2003/11/22	39530.33
1306	169	419	2004/08/29	13213.50
1307	534	74	2004/02/06	37404.48
1308	740	441	2003/10/23	26002.50
1309	35	713	2000/10/01	30615.84
1310	486	662	2002/04/17	23512.27
1311	807	28	2002/09/03	20446.17
1312	565	573	2003/03/25	28546.75
1313	879	265	2002/10/29	33490.60
1314	615	140	2004/02/15	29207.76
1315	609	651	2002/02/25	29187.62
1316	574	461	2000/04/12	33449.40
1317	416	43	2003/09/25	39180.60
1318	773	341	2004/03/27	15096.74
1319	366	948	2002/05/10	37963.87
1320	890	618	2004/09/26	19502.26
1321	78	286	2001/07/28	30809.94
1322	12	420	2001/01/15	37551.88
1323	576	248	2005/06/20	21689.45
1324	888	902	2003/05/03	25515.44
1325	328	176	2003/04/26	29467.77
1326	470	644	2003/11/24	39117.43
1327	747	519	2001/04/16	13955.99
1328	161	30	2001/02/27	36774.60
1329	166	134	2002/09/04	33042.91
1330	560	72	2004/08/30	23153.38
1331	847	637	2004/06/14	36973.27
1332	667	71	2004/05/01	13583.37
1333	110	725	2002/05/30	34549.87
1334	258	35	2000/08/18	36362.61
1335	654	451	2002/05/04	37438.35
1336	806	20	2003/10/09	27219.24
1337	483	929	2001/03/30	21546.63
1338	650	305	2003/02/08	21988.83
1339	762	147	2002/06/12	37383.42
1340	166	95	2001/06/10	33589.48
1341	995	580	2004/03/07	23179.93
1342	105	981	2003/03/18	11521.61
1343	947	493	2004/09/23	34058.23
1344	80	29	2002/11/05	29926.45
1345	951	843	2003/11/29	16429.75
1346	97	669	2001/09/27	27703.55
1347	944	46	2001/08/23	37929.99
1348	721	23	2002/08/02	34814.45
1349	504	852	2001/07/15	28118.29
1350	678	43	2003/06/30	16659.55
1351	731	811	2000/05/16	22845.76
1352	965	342	2004/04/18	36876.22
1353	368	979	2000/12/26	34242.25
1354	723	645	2001/02/10	21964.11
1355	753	249	2003/12/29	27421.57
1356	196	814	2003/08/21	12419.74
1357	414	598	2001/11/27	23192.75
1358	919	343	2004/01/01	18445.74
1359	714	871	2000/12/08	31730.96
1360	2	422	2003/10/05	37361.45
1361	30	342	2001/11/26	34423.52
1362	945	478	2003/12/25	38559.88
1363	614	351	2004/03/06	28346.25
1364	519	631	2004/12/09	23741.15
1365	505	816	2003/07/31	29128.11
1366	192	528	2002/05/15	39128.42
1367	649	481	2004/04/08	31795.04
1368	389	491	2000/08/02	36142.88
1369	920	907	2005/08/18	34498.60
1370	238	498	2001/02/05	21256.41
1371	887	993	2003/11/06	25503.54
1372	553	855	2002/11/02	28322.45
1373	246	204	2000/12/16	28112.79
1374	903	682	2002/08/15	31262.21
1375	723	164	2004/09/12	10278.32
1376	77	52	2004/03/11	15370.48
1377	518	711	2001/02/03	34023.44
1378	766	375	2005/06/23	15393.37
1379	317	165	2003/08/12	33391.72
1380	364	738	2001/04/26	31708.98
1381	442	111	2001/05/29	17116.39
1382	144	85	2001/11/27	26184.69
1383	353	390	2004/07/15	32342.53
1384	750	126	2004/02/12	20244.75
1385	790	417	2001/09/29	17277.53
1386	27	397	2003/10/01	33237.00
1387	704	916	2002/12/22	32337.04
1388	973	373	2003/04/14	22984.92
1389	877	348	2002/04/06	19964.60
1390	576	388	2002/08/28	16244.81
1391	73	378	2004/03/11	21575.01
1392	816	273	2003/11/12	38429.87
1393	746	293	2002/07/18	34712.83
1394	607	386	2003/02/15	13085.33
1395	471	385	2004/04/22	13377.38
1396	591	539	2002/12/01	36060.49
1397	985	473	2000/10/03	28159.48
1398	892	421	2002/10/01	20774.84
1399	977	983	2004/03/24	39246.52
1400	575	713	2004/04/29	33219.60
1401	222	42	2002/09/03	33144.53
1402	559	935	2002/08/29	22114.26
1403	533	14	2003/06/19	11894.23
1404	23	98	2002/02/20	34714.66
1405	550	255	2002/01/20	20443.42
1406	961	405	2002/10/24	35822.45
1407	574	688	2003/09/24	12321.78
1408	778	544	2003/10/04	10448.61
1409	940	902	2005/07/15	34701.84
1410	804	210	2003/02/10	12983.70
1411	280	393	2001/04/29	39998.17
1412	863	333	2003/10/19	11382.45
1413	567	84	2002/12/05	31128.54
1414	483	179	2003/06/06	17620.85
1415	889	755	2002/12/10	20213.62
1416	846	281	2002/09/25	29160.16
1417	802	895	2003/11/26	34519.65
1418	11	220	2001/04/05	34187.32
1419	946	961	2001/12/21	37658.08
1420	397	698	2001/11/03	29692.99
1421	507	930	2002/10/24	27160.64
1422	488	531	2002/11/01	19822.69
1423	503	341	2003/11/28	30294.49
1424	618	340	2004/06/28	36018.37
1425	281	962	2001/09/21	37183.84
1426	116	738	2001/03/22	24152.22
1427	251	124	2004/12/27	22587.59
1428	147	347	2002/04/23	30759.58
1429	535	712	2003/08/28	13939.51
1430	556	691	2002/06/11	34470.21
1431	150	531	2003/11/06	12150.57
1432	907	703	2004/12/06	33471.37
1433	141	262	2004/07/20	21929.32
1434	165	230	2004/01/05	29095.15
1435	115	2	2002/11/30	18873.29
1436	734	456	2000/07/16	33218.69
1437	193	70	2003/01/24	39893.80
1438	902	855	2004/04/27	16728.21
1439	653	25	2003/05/23	10591.43
1440	224	817	2003/07/27	11667.18
1441	490	104	2002/03/01	16582.64
1442	862	342	2001/03/21	34618.53
1443	178	808	2004/08/05	34363.10
1444	849	25	2003/04/10	37020.87
1445	813	75	2003/08/22	39797.67
1446	15	566	2002/12/16	33351.44
1447	403	525	2002/02/12	27410.58
1448	669	759	2003/11/23	34114.07
1449	843	439	2005/07/13	10256.35
1450	924	106	2004/07/24	11066.59
1451	794	560	2002/01/26	26796.26
1452	842	934	2001/02/12	20964.36
1453	394	120	2003/09/01	26842.04
1454	88	660	2004/05/21	24922.18
1455	324	610	2003/06/26	11887.82
1456	314	258	2001/09/20	27102.05
1457	514	678	2004/04/25	34799.80
1458	664	160	2000/11/20	22624.21
1459	273	342	2002/07/31	38683.47
1460	418	241	2001/06/25	33992.31
1461	275	52	2003/07/29	33453.98
1462	930	144	2002/04/29	21817.63
1463	554	319	2004/09/27	20049.74
1464	746	349	2003/07/25	22858.58
1465	110	79	2003/08/07	24988.10
1466	302	289	2004/09/25	10170.29
1467	610	211	2003/04/11	20944.21
1468	47	120	2005/11/04	20223.69
1469	601	793	2003/09/03	10868.84
1470	126	102	2001/10/26	33942.87
1471	447	447	2002/03/19	32678.53
1472	415	360	2003/08/10	16469.12
1473	422	821	2002/09/06	27470.09
1474	745	155	2002/05/03	27877.50
1475	842	420	2003/06/09	35288.70
1476	620	125	2002/08/24	37746.89
1477	181	819	2000/11/20	17450.56
1478	677	620	2001/01/01	34201.05
1479	598	161	2001/02/23	32069.70
1480	827	386	2003/03/06	36534.73
1481	337	119	2002/06/06	38465.58
1482	244	263	2002/10/11	33564.76
1483	582	282	2000/06/12	25347.90
1484	421	784	2002/04/26	31158.75
1485	224	126	2004/03/19	35759.28
1486	46	263	2002/03/07	35727.23
1487	497	880	2004/01/04	37538.15
1488	926	297	2002/05/15	39593.51
1489	79	657	2002/04/29	10207.82
1490	905	794	2002/12/03	12799.68
1491	418	746	2002/04/15	26560.06
1492	605	586	2002/07/01	27851.87
1493	854	519	2002/01/28	18375.24
1494	838	190	2004/02/16	22859.50
1495	442	778	2001/06/02	39674.99
1496	109	946	2001/11/29	18278.20
1497	471	893	2003/04/26	26139.83
1498	380	159	2003/07/15	16748.35
1499	945	291	2003/08/13	34798.89
1500	594	2	2003/07/24	38055.42
1501	724	999	2002/02/17	12464.60
1502	113	747	2001/04/30	35867.31
1503	389	539	2002/06/10	13360.90
1504	630	997	2000/09/22	23235.78
1505	745	212	2002/05/24	14858.70
1506	423	481	2002/03/21	23777.77
1507	665	165	2002/12/25	13762.82
1508	814	131	2003/03/12	18621.52
1509	40	862	2000/07/29	33105.16
1510	644	15	2003/01/26	19428.10
1511	586	137	2003/02/05	39516.60
1512	743	159	2004/11/29	38786.93
1513	155	896	2003/03/18	22812.81
1514	77	883	2003/02/27	14809.27
1515	134	622	2002/07/14	11100.46
1516	518	441	2003/05/01	20568.85
1517	287	196	2003/02/10	15352.17
1518	885	124	2002/12/30	34855.65
1519	390	87	2002/11/21	25617.07
1520	295	905	2002/06/04	12341.00
1521	55	3	2002/02/17	25746.15
1522	425	698	2000/07/18	22414.55
1523	53	501	2001/01/13	23299.87
1524	180	849	2001/12/28	10367.13
1525	822	871	2002/10/15	25062.26
1526	110	299	2003/02/12	26073.00
1527	249	957	2002/05/08	14945.68
1528	130	430	2004/03/28	37563.78
1529	625	759	2004/03/14	28893.74
1530	735	871	2003/12/07	33675.54
1531	608	354	2003/10/28	29317.63
1532	743	112	2003/03/01	24978.03
1533	420	74	2002/11/06	38461.00
1534	424	526	2004/03/24	39339.90
1535	783	892	2001/10/19	34602.05
1536	575	31	2002/03/13	31286.93
1537	612	790	2001/03/23	35926.82
1538	95	368	2005/08/13	16776.73
1539	295	369	2003/12/25	12961.73
1540	736	400	2000/04/01	30644.23
1541	52	714	2002/10/17	10463.26
1542	708	21	2003/12/21	26732.18
1543	121	4	2004/04/16	22262.57
1544	963	721	2002/11/09	14173.89
1545	619	850	2004/03/07	36647.34
1546	759	607	2003/05/11	11365.05
1547	603	773	2000/11/29	34027.10
1548	485	657	2005/03/14	25430.30
1549	702	545	2002/08/19	21745.30
1550	666	396	2001/09/25	13366.39
1551	10	552	2003/12/04	11684.57
1552	917	171	2001/09/18	35134.89
1553	970	404	2003/09/22	13436.89
1554	503	143	2005/09/24	12644.96
1555	875	169	2004/03/03	18173.83
1556	583	444	2002/11/06	25506.29
1557	261	373	2003/03/15	24564.21
1558	196	545	2004/06/24	28375.55
1559	581	142	2004/11/06	36966.86
1560	297	378	2002/07/22	39488.22
1561	581	14	2001/08/29	26444.70
1562	397	907	2002/12/27	39235.53
1563	649	670	2004/12/23	15566.41
1564	598	407	2003/04/13	25194.09
1565	840	600	2003/08/23	27328.19
1566	858	8	2001/08/25	39636.54
1567	572	714	2003/09/24	25556.64
1568	536	567	2002/10/24	10878.91
1569	925	188	2002/10/05	17543.03
1570	585	849	2004/02/12	24766.54
1571	403	594	2004/11/19	28250.12
1572	730	14	2003/08/29	20751.04
1573	251	88	2003/08/31	27915.95
1574	902	512	2002/08/04	12247.62
1575	592	626	2003/12/17	10007.32
1576	453	118	2001/08/04	26937.26
1577	32	412	2003/05/05	23011.47
1578	249	753	2005/04/21	13234.56
1579	397	86	2002/04/03	36286.62
1580	177	903	2003/11/18	37911.68
1581	653	126	2003/10/29	25750.73
1582	463	525	2005/06/23	30753.17
1583	6	834	2002/05/24	28486.33
1584	943	823	2003/05/29	18698.43
1585	568	900	2002/08/14	14991.46
1586	44	385	2002/08/30	28101.81
1587	67	5	2002/01/15	12638.55
1588	526	883	2002/09/08	13174.13
1589	617	489	2003/04/02	22614.14
1590	552	62	2001/03/15	35121.15
1591	150	7	2004/06/16	14031.98
1592	452	310	2003/11/04	13760.99
1593	401	186	2000/04/02	31677.86
1594	328	730	2003/07/26	35149.54
1595	834	673	2005/07/15	16799.62
1596	998	410	2002/04/02	38842.77
1597	199	666	2004/11/20	12221.98
1598	63	55	2004/08/22	10470.58
1599	412	222	2003/12/05	32564.09
1600	690	956	2004/04/26	23204.65
1601	38	156	2002/07/03	26261.60
1602	950	634	2003/09/11	29077.76
1603	686	560	2001/10/11	37177.43
1604	339	77	2003/09/08	11814.58
1605	499	503	2001/10/11	18543.70
1606	641	423	2004/07/11	30547.18
1607	337	876	2001/12/12	29638.06
1608	462	270	2003/01/27	22255.25
1609	610	136	2004/11/05	34630.43
1610	739	162	2003/07/12	33857.73
1611	643	377	2005/03/04	32229.00
1612	187	211	2002/03/14	36120.91
1613	923	163	2003/10/02	32869.87
1614	731	865	2004/06/02	34948.12
1615	202	341	2000/08/29	15956.42
1616	807	228	2000/10/10	24694.21
1617	577	722	2005/01/05	31810.61
1618	951	128	2003/09/28	16834.41
1619	302	193	2002/03/31	20339.97
1620	688	399	2002/06/22	19212.04
1621	172	491	2003/06/29	29635.31
1622	176	356	2002/08/10	30102.23
1623	845	696	2004/05/14	31622.92
1624	89	81	2004/05/16	11028.14
1625	63	619	2001/12/18	17162.17
1626	879	20	2004/07/29	16576.23
1627	955	27	2002/10/09	38460.08
1628	56	663	2001/12/21	21999.82
1629	83	328	2002/10/24	30988.46
1630	1000	437	2002/03/02	23993.84
1631	761	479	2000/07/16	39152.22
1632	333	887	2003/03/17	10396.42
1633	517	798	2001/03/09	28327.03
1634	637	421	2001/05/10	34478.45
1635	631	913	2001/03/21	29485.17
1636	149	716	2003/01/21	12646.79
1637	494	681	2002/01/31	10111.69
1638	813	289	2002/05/22	24641.11
1639	28	241	2004/12/16	15230.41
1640	662	274	2004/02/15	36242.68
1641	857	460	2002/11/14	23920.59
1642	813	819	2001/07/17	20112.00
1643	333	854	2001/07/16	18388.98
1644	612	407	2001/10/29	14104.31
1645	898	848	2001/08/31	23290.71
1646	702	526	2003/07/02	12320.86
1647	61	490	2004/09/22	31216.43
1648	363	930	2001/11/19	25724.18
1649	637	615	2004/10/04	24979.86
1650	752	524	2002/08/08	10329.59
1651	348	846	2002/12/26	37109.68
1652	255	16	2001/04/17	15399.78
1653	268	314	2001/12/27	30737.61
1654	686	994	2005/07/05	35545.96
1655	658	967	2002/07/02	22407.23
1656	290	724	2003/01/04	22874.15
1657	221	81	2003/02/11	35156.86
1658	403	369	2003/12/24	32111.82
1659	365	786	2001/11/15	38176.27
1660	852	734	2003/10/26	36680.30
1661	675	450	2002/02/06	36157.53
1662	404	680	2004/02/02	10792.85
1663	552	325	2001/06/30	26037.29
1664	113	456	2002/10/06	35523.07
1665	148	108	2004/04/01	39667.66
1666	22	584	2000/12/30	39174.19
1667	447	231	2001/03/28	37096.86
1668	174	620	2003/11/05	17996.22
1669	994	844	2003/12/21	35072.63
1670	922	712	2003/09/26	35977.17
1671	513	986	2003/06/14	18045.65
1672	844	866	2003/10/14	15953.67
1673	422	177	2001/06/18	22982.18
1674	752	226	2002/01/21	32312.32
1675	181	190	2002/04/12	33490.60
1676	513	32	2004/03/06	11844.79
1677	793	876	2002/11/08	11888.73
1678	849	758	2000/10/31	17677.61
1679	919	776	2003/10/09	38576.35
1680	588	347	2003/10/03	25323.18
1681	676	51	2003/02/16	35272.22
1682	671	709	2002/03/20	33511.66
1683	692	3	2003/10/03	10967.71
1684	377	781	2003/05/04	19456.48
1685	619	471	2004/01/25	15718.38
1686	705	144	2001/12/21	22119.75
1687	292	358	2002/03/11	36240.84
1688	789	447	2002/12/27	11821.90
1689	821	155	2002/10/23	37607.73
1690	107	121	2003/04/04	33789.98
1691	672	704	2002/07/10	15765.08
1692	202	680	2001/05/20	10834.96
1693	223	791	2002/09/10	14949.34
1694	323	218	2001/08/10	29895.32
1695	828	145	2003/08/21	31121.22
1696	29	166	2002/02/21	12590.03
1697	393	196	2002/09/09	35902.10
1698	946	485	2003/03/26	34808.04
1699	438	785	2004/04/01	14128.11
1700	239	197	2003/01/23	38547.97
1701	129	954	2000/06/11	10568.54
1702	249	427	2001/08/12	24440.61
1703	47	917	2001/03/04	26533.51
1704	386	421	2004/02/15	29378.05
1705	935	199	2003/11/26	23605.65
1706	763	337	2001/04/25	34212.04
1707	152	448	2004/04/15	38443.60
1708	997	961	2002/03/16	25261.84
1709	120	913	2003/03/22	18226.01
1710	563	871	2001/11/18	24264.83
1711	521	543	2002/12/17	29532.78
1712	42	69	2003/11/29	27968.14
1713	998	14	2002/09/10	33150.02
1714	629	267	2005/01/11	14742.43
1715	383	400	2001/11/22	22121.58
1716	247	535	2002/05/15	35034.18
1717	768	906	2001/05/04	39061.58
1718	170	38	2002/06/11	28928.53
1719	324	485	2002/11/21	30167.24
1720	370	329	2002/05/13	31330.87
1721	718	546	2004/02/01	26148.07
1722	199	836	2004/03/02	27082.82
1723	739	692	2005/02/16	13230.90
1724	426	885	2002/05/22	38353.88
1725	39	688	2003/10/11	19270.63
1726	886	9	2005/08/08	28762.82
1727	803	402	2004/10/03	29495.24
1728	506	929	2003/08/23	36541.14
1729	238	760	2004/05/26	12335.51
1730	640	466	2001/10/03	36460.57
1731	627	240	2001/02/20	16879.27
1732	368	182	2001/01/04	10925.60
1733	858	241	2004/11/12	38428.04
1734	386	698	2003/11/08	18354.19
1735	526	156	2001/11/08	26332.09
1736	550	724	2002/11/14	25444.95
1737	13	557	2001/03/26	37267.15
1738	750	14	2004/06/18	12999.27
1739	777	156	2001/06/08	36346.13
1740	599	783	2003/04/24	36213.38
1741	527	429	2002/08/14	36554.87
1742	940	779	2001/06/29	13764.65
1743	555	840	2004/05/14	22767.94
1744	941	560	2001/11/15	39071.66
1745	428	680	2002/12/05	38762.21
1746	705	766	2002/02/09	25821.23
1747	956	166	2003/03/19	12967.22
1748	489	837	2004/08/14	21727.91
1749	555	835	2003/09/28	39940.49
1750	328	276	2002/04/12	13512.88
1751	201	202	2001/05/29	18418.27
1752	11	90	2000/05/05	15797.12
1753	216	383	2004/05/22	22098.69
1754	743	754	2003/01/31	10897.22
1755	990	591	2002/01/16	24766.54
1756	579	988	2003/05/26	19062.81
1757	571	446	2003/01/10	15715.64
1758	996	383	2003/07/02	23298.03
1759	565	104	2002/12/09	23435.36
1760	17	531	2002/03/17	23258.67
1761	42	150	2002/08/11	13960.57
1762	32	17	2003/12/15	22649.84
1763	598	955	2003/06/02	23839.11
1764	320	31	2003/04/22	37691.04
1765	205	137	2000/11/24	15167.24
1766	235	925	2002/08/16	24478.15
1767	255	903	2000/08/14	30265.20
1768	721	198	2004/01/21	14020.08
1769	184	637	2003/03/25	35133.06
1770	241	643	2003/05/03	39302.37
1771	838	771	2001/09/22	12483.83
1772	126	421	2004/02/21	12496.64
1773	727	793	2004/12/05	35811.46
1774	692	225	2005/02/02	36294.86
1775	44	633	2002/04/21	34155.27
1776	84	693	2004/09/12	34983.83
1777	468	576	2002/12/20	31945.19
1778	444	686	2003/05/04	11984.86
1779	508	660	2001/05/18	28086.24
1780	534	576	2003/08/15	15064.70
1781	724	674	2004/01/30	22215.88
1782	203	754	2002/10/16	31850.89
1783	548	751	2002/03/18	12411.50
1784	503	91	2002/11/19	20556.03
1785	370	71	2003/05/18	36466.98
1786	804	100	2002/05/15	37581.18
1787	571	471	2003/12/21	26750.49
1788	222	118	2002/12/11	18727.72
1789	564	566	2003/03/29	35566.10
1790	869	499	2003/02/19	37837.52
1791	611	571	2001/10/29	12408.75
1792	687	929	2000/08/14	39561.46
1793	221	302	2001/03/15	15457.46
1794	747	145	2003/10/19	25331.42
1795	656	522	2004/03/13	25684.81
1796	897	993	2003/05/08	27342.83
1797	26	348	2001/05/03	21988.83
1798	478	36	2004/01/13	28010.25
1799	410	132	2003/07/16	18345.03
1800	635	676	2001/06/01	35905.76
1801	497	709	2003/02/03	38053.59
1802	765	55	2001/06/25	27187.19
1803	679	372	2002/02/11	24330.75
1804	891	513	2003/09/26	27841.80
1805	262	181	2003/10/17	19622.19
1806	540	17	2002/03/14	30413.51
1807	189	597	2005/01/29	16752.93
1808	161	979	2002/10/11	22991.33
1809	839	815	2004/05/17	12221.98
1810	12	259	2001/02/03	31908.57
1811	854	634	2005/11/03	34248.66
1812	248	663	2001/07/31	36514.59
1813	779	647	2003/09/21	24432.37
1814	435	736	2004/03/18	28360.90
1815	396	148	2004/06/01	20753.78
1816	293	404	2003/03/28	11878.66
1817	918	213	2000/12/13	39950.56
1818	837	312	2002/08/18	32916.56
1819	719	263	2002/11/14	37750.55
1820	420	962	2005/02/23	29047.55
1821	360	131	2002/05/08	24790.34
1822	33	117	2003/04/13	15159.00
1823	612	900	2001/07/30	23068.24
1824	535	958	2005/02/02	33204.96
1825	335	810	2005/05/14	11192.93
1826	568	73	2002/10/23	39898.38
1827	201	621	2001/01/09	25279.24
1828	97	876	2003/05/25	24316.10
1829	81	545	2003/04/08	24784.85
1830	642	95	2000/07/21	22585.75
1831	342	365	2004/04/09	27772.22
1832	916	629	2003/03/14	12843.63
1833	142	398	2004/01/17	26569.21
1834	242	762	2001/02/15	34155.27
1835	597	807	2000/10/09	21546.63
1836	406	259	2005/05/09	21922.00
1837	277	505	2003/05/24	26300.05
1838	820	330	2001/11/19	33115.23
1839	597	785	2001/10/26	10808.41
1840	210	107	2000/08/27	11319.27
1841	14	166	2001/06/25	28804.93
1842	44	166	2000/05/17	17702.33
1843	907	537	2004/10/05	10412.90
1844	533	963	2003/01/04	33480.53
1845	360	177	2003/12/25	29827.58
1846	905	318	2001/12/30	15896.00
1847	650	183	2002/10/18	19237.67
1848	414	900	2004/07/19	16975.40
1849	579	992	2002/03/27	22930.91
1850	458	511	2001/08/16	36126.40
1851	629	124	2003/07/11	28520.20
1852	666	233	2001/04/05	27663.27
1853	136	116	2004/08/08	24046.02
1854	561	293	2000/11/13	26474.91
1855	346	802	2002/03/06	19252.32
1856	624	624	2004/09/23	12883.91
1857	696	81	2005/03/14	15224.00
1858	439	171	2000/08/26	25182.19
1859	352	701	2002/04/24	37673.65
1860	425	207	2004/05/22	28985.29
1861	354	671	2001/12/30	24134.83
1862	31	230	2003/09/11	10277.40
1863	44	969	2001/12/17	32933.04
1864	771	938	2002/12/31	17510.99
1865	833	448	2005/01/30	30906.98
1866	518	28	2002/05/12	21145.63
1867	984	549	2004/06/02	25980.53
1868	759	653	2002/11/01	10343.32
1869	516	644	2002/02/22	38844.60
1870	106	406	2001/01/25	29832.15
1871	749	495	2001/10/02	23753.97
1872	392	637	2003/09/04	39131.16
1873	839	746	2001/06/03	30593.87
1874	97	301	2001/08/05	14916.38
1875	299	208	2000/04/11	37723.08
1876	262	203	2001/06/08	29305.73
1877	171	425	2003/07/03	26322.94
1878	572	428	2005/10/18	15746.77
1879	622	498	2002/08/03	10844.12
1880	18	700	2004/02/13	33992.31
1881	521	711	2004/02/10	25478.82
1882	516	570	2001/06/24	19867.55
1883	51	376	2001/08/28	12001.34
1884	267	130	2002/02/28	38151.55
1885	437	304	2004/04/01	18677.37
1886	69	219	2003/01/29	31436.16
1887	762	230	2002/09/08	21990.66
1888	209	807	2001/05/18	18228.76
1889	528	946	2000/08/20	31291.50
1890	536	94	2000/12/08	23449.10
1891	254	65	2002/06/20	30107.73
1892	353	75	2005/04/01	27660.52
1893	269	639	2004/02/20	25303.04
1894	494	170	2002/11/07	31596.37
1895	379	89	2001/08/01	35402.22
1896	833	891	2004/04/30	33523.56
1897	728	723	2003/11/01	10981.45
1898	139	564	2004/09/13	32537.54
1899	951	228	2004/02/09	11666.26
1900	166	636	2003/10/28	24651.18
1901	252	751	2002/03/19	14945.68
1902	824	84	2002/02/02	14434.81
1903	300	870	2003/02/14	30213.01
1904	755	536	2003/12/15	26527.10
1905	452	30	2001/06/04	16173.40
1906	661	242	2004/05/14	32538.45
1907	685	487	2003/02/17	29511.72
1908	275	833	2000/08/18	33269.04
1909	284	55	2004/12/05	36527.40
1910	477	58	2003/05/23	27644.04
1911	263	508	2001/08/27	25741.58
1912	913	259	2004/03/26	32014.77
1913	361	795	2002/11/29	17354.43
1914	482	271	2003/10/19	10238.04
1915	761	266	2002/11/15	13323.36
1916	726	182	2002/11/14	10025.63
1917	565	216	2003/04/29	28716.13
1918	19	615	2004/03/18	28131.10
1919	455	215	2001/08/26	19497.68
1920	131	796	2002/07/15	29809.27
1921	807	54	2001/07/14	22825.62
1922	428	642	2002/10/12	10406.49
1923	842	481	2000/12/16	12006.84
1924	161	823	2000/02/27	22591.25
1925	546	97	2000/03/17	38243.10
1926	958	705	2003/05/27	15488.59
1927	924	412	2001/08/22	33942.87
1928	783	879	2001/07/08	15436.40
1929	901	975	2001/07/03	36394.65
1930	576	764	2003/06/30	16145.02
1931	403	479	2002/11/09	24828.80
1932	186	483	2003/09/14	22329.41
1933	891	946	2003/01/10	36976.93
1934	941	37	2002/02/03	19228.52
1935	547	598	2002/04/09	31994.63
1936	698	413	2002/06/20	14543.76
1937	436	145	2003/11/23	33817.44
1938	919	851	2002/04/23	12991.03
1939	281	839	2005/01/10	31299.74
1940	219	90	2001/08/15	10587.77
1941	67	3	2002/01/02	27739.26
1942	434	337	2001/07/30	29753.42
1943	469	710	2003/08/09	31286.93
1944	490	442	2004/02/11	11064.76
1945	697	20	2001/10/25	18002.62
1946	828	920	2000/09/02	26770.63
1947	560	738	2004/02/06	39804.08
1948	586	405	2004/08/25	28738.10
1949	498	340	2004/07/15	18881.53
1950	653	105	2004/02/25	23085.63
1951	422	101	2001/01/27	27177.12
1952	814	286	2003/09/27	29130.86
1953	957	709	2002/10/20	32945.86
1954	842	903	2004/05/04	15195.62
1955	845	414	2000/04/08	34984.74
1956	560	588	2005/01/28	31963.50
1957	202	732	2002/01/04	17597.96
1958	664	228	2002/02/14	19341.13
1959	590	706	2005/06/05	24503.78
1960	954	239	2001/07/17	38738.40
1961	711	771	2003/04/22	16435.24
1962	694	4	2002/12/17	33219.60
1963	35	555	2000/10/12	33878.78
1964	44	487	2004/09/12	36798.40
1965	907	853	2002/05/30	12002.26
1966	969	767	2002/12/08	24959.72
1967	426	912	2000/09/15	28093.57
1968	975	283	2003/10/24	15157.17
1969	286	802	2001/05/26	31489.26
1970	679	370	2002/02/27	12137.76
1971	793	190	2001/05/30	10793.76
1972	408	472	2004/10/19	32418.52
1973	257	637	2001/07/22	31943.36
1974	805	919	2001/04/04	38678.89
1975	474	607	2002/09/28	22022.71
1976	495	752	2003/06/10	32100.83
1977	346	818	2003/04/04	36555.79
1978	115	963	2001/01/22	22436.52
1979	504	129	2002/06/17	20946.96
1980	824	70	2003/05/05	15677.19
1981	506	668	2003/08/26	18579.41
1982	754	841	2002/12/26	31263.12
1983	538	776	2004/02/12	27618.41
1984	874	615	2000/07/12	28639.22
1985	618	799	2005/07/08	34456.48
1986	507	341	2004/10/19	30398.86
1987	479	719	2001/10/12	12843.63
1988	1000	226	2004/05/23	29899.90
1989	155	898	2001/05/09	12694.40
1990	626	732	2001/06/23	18974.91
1991	698	283	2001/05/05	30222.17
1992	805	178	2002/07/28	29857.79
1993	429	104	2001/04/08	30081.18
1994	355	410	2004/07/18	18453.06
1995	800	410	2002/10/23	19413.45
1996	772	203	2002/10/22	27415.16
1997	138	832	2004/09/02	31772.16
1998	965	611	2002/04/15	20808.72
1999	280	355	2004/05/12	14696.66
2000	224	803	2004/01/07	11278.99
